0 0.134733 0.211643 0.054164 0.073105
0 0.128301 0.316336 0.048070 0.065884
0 0.119160 0.434116 0.051456 0.064982
0 0.112729 0.565884 0.049425 0.066787
0 0.111374 0.679152 0.044008 0.062274
1 0.219364 0.212094 0.059580 0.075812
1 0.207854 0.324910 0.059580 0.068592
1 0.197360 0.441336 0.064320 0.068592
1 0.184496 0.566336 0.056195 0.067690
1 0.169601 0.684567 0.046716 0.069495
2 0.296209 0.208484 0.062965 0.077617
2 0.290454 0.326264 0.060934 0.091155
2 0.290115 0.444495 0.060257 0.080325
2 0.274543 0.565433 0.065674 0.071300
2 0.251523 0.695397 0.064320 0.085740
3 0.381855 0.217058 0.059580 0.085740
3 0.376777 0.331679 0.054841 0.080325
3 0.373392 0.441336 0.056195 0.081227
3 0.361882 0.563628 0.061611 0.092960
3 0.352742 0.698556 0.062288 0.099278
4 0.455315 0.212094 0.053487 0.086643
4 0.448544 0.328971 0.056195 0.080325
4 0.447190 0.448105 0.054841 0.080325
4 0.442112 0.569495 0.051456 0.090253
4 0.431957 0.699910 0.055518 0.091155
5 0.523358 0.211643 0.058226 0.080325
5 0.523697 0.327166 0.048070 0.073105
5 0.519296 0.448556 0.060934 0.084838
5 0.513541 0.561372 0.058903 0.090253
5 0.504401 0.694946 0.059580 0.086643
6 0.589709 0.209838 0.055518 0.071300
6 0.586662 0.331227 0.062965 0.084838
6 0.602911 0.459386 0.057549 0.077617
6 0.598849 0.572653 0.061611 0.074910
6 0.592079 0.706679 0.064320 0.077617
7 0.658768 0.203971 0.058226 0.079422
7 0.662492 0.330325 0.072444 0.086643
7 0.676371 0.450361 0.062288 0.077617
7 0.675017 0.569043 0.054164 0.082130
7 0.675694 0.698105 0.066351 0.078520
8 0.721395 0.205776 0.056195 0.077617
8 0.725457 0.326715 0.050779 0.072202
8 0.740691 0.447202 0.059580 0.083935
8 0.744076 0.570397 0.060934 0.084838
8 0.742383 0.698105 0.058903 0.091155
9 0.772512 0.207130 0.054164 0.076715
9 0.776913 0.319495 0.052133 0.072202
9 0.788084 0.441787 0.050102 0.085740
9 0.792823 0.566787 0.044685 0.081227
9 0.793839 0.698105 0.045362 0.082130
