0 0.092188 0.491501 0.053125 0.028722
0 0.091146 0.529015 0.057292 0.026377
0 0.093229 0.564771 0.057292 0.027550
0 0.095833 0.602872 0.052083 0.027550
0 0.099479 0.633939 0.051042 0.026377
1 0.197917 0.490621 0.058333 0.025791
1 0.202604 0.531653 0.071875 0.031653
1 0.203125 0.565651 0.066667 0.030481
1 0.208854 0.599941 0.063542 0.027550
1 0.201563 0.635111 0.061458 0.029894
2 0.306771 0.491208 0.065625 0.030481
2 0.312500 0.528722 0.066667 0.029308
2 0.309375 0.563599 0.066667 0.028722
2 0.305729 0.597304 0.055208 0.026964
2 0.306250 0.630715 0.056250 0.030481
3 0.406771 0.491501 0.067708 0.029894
3 0.399479 0.528722 0.059375 0.030481
3 0.400521 0.562427 0.059375 0.028722
3 0.399479 0.594959 0.057292 0.028136
3 0.397396 0.626026 0.059375 0.028136
4 0.492188 0.492380 0.069792 0.030481
4 0.496354 0.529894 0.086458 0.031653
4 0.496875 0.558910 0.062500 0.028722
4 0.494792 0.592614 0.058333 0.030481
4 0.490104 0.627784 0.059375 0.031653
5 0.576562 0.490328 0.057292 0.035756
5 0.577083 0.528429 0.047917 0.033411
5 0.580729 0.558910 0.057292 0.027550
5 0.578125 0.589097 0.062500 0.033998
5 0.577604 0.623388 0.059375 0.035756
6 0.661979 0.492673 0.051042 0.033411
6 0.661979 0.527843 0.061458 0.032239
6 0.658854 0.559496 0.046875 0.029894
6 0.658333 0.588804 0.041667 0.029894
6 0.663542 0.622216 0.056250 0.031067
7 0.746354 0.492087 0.063542 0.029894
7 0.744792 0.524033 0.047917 0.028136
7 0.739583 0.558910 0.056250 0.031067
7 0.742188 0.594080 0.057292 0.027550
7 0.741667 0.622216 0.058333 0.028722
8 0.837500 0.490328 0.068750 0.034584
8 0.835417 0.525498 0.052083 0.029894
8 0.828125 0.557737 0.050000 0.032239
8 0.831771 0.586753 0.051042 0.030481
8 0.828646 0.620750 0.061458 0.029308
9 0.928646 0.490035 0.061458 0.032825
9 0.923958 0.524619 0.054167 0.031653
9 0.913542 0.556272 0.047917 0.025791
9 0.914583 0.588218 0.056250 0.031067
9 0.911979 0.621043 0.055208 0.029894
