0 0.072917 0.221759 0.060417 0.084259
0 0.080208 0.375926 0.057292 0.081481
0 0.083854 0.526389 0.055208 0.075000
0 0.085156 0.662037 0.055729 0.085185
0 0.086198 0.801389 0.059896 0.082407
1 0.156771 0.204167 0.059375 0.078704
1 0.160156 0.370370 0.055729 0.072222
1 0.169792 0.525000 0.062500 0.079630
1 0.171875 0.667130 0.062500 0.078704
1 0.164583 0.795370 0.058333 0.092593
2 0.247917 0.181481 0.064583 0.087037
2 0.247396 0.366667 0.060417 0.085185
2 0.254427 0.514815 0.056771 0.090741
2 0.254948 0.662500 0.059896 0.097222
2 0.247917 0.802778 0.053125 0.098148
3 0.334635 0.177778 0.055729 0.087037
3 0.330990 0.367130 0.055729 0.097222
3 0.340625 0.513889 0.056250 0.090741
3 0.343490 0.658796 0.055729 0.087963
3 0.339583 0.797222 0.064583 0.094444
4 0.419531 0.171296 0.067187 0.096296
4 0.419792 0.367593 0.057292 0.088889
4 0.421615 0.514815 0.055729 0.083333
4 0.420312 0.656481 0.060417 0.087037
4 0.423698 0.795833 0.058854 0.084259
5 0.510156 0.163889 0.051562 0.096296
5 0.505469 0.363426 0.049479 0.082407
5 0.508594 0.505093 0.050521 0.093519
5 0.503385 0.659722 0.053646 0.091667
5 0.507031 0.787963 0.051562 0.092593
6 0.604688 0.162037 0.048958 0.090741
6 0.603385 0.363426 0.046354 0.087963
6 0.598958 0.510648 0.045833 0.082407
6 0.592708 0.665278 0.040625 0.078704
6 0.594010 0.794444 0.043229 0.090741
7 0.691146 0.162963 0.050000 0.096296
7 0.686458 0.368056 0.046875 0.087963
7 0.691146 0.512500 0.054167 0.106481
7 0.686458 0.670370 0.050000 0.087037
7 0.690104 0.806481 0.050000 0.087037
8 0.760677 0.150926 0.044271 0.079630
8 0.763021 0.378241 0.050000 0.091667
8 0.760938 0.513426 0.045833 0.097222
8 0.756250 0.681944 0.050000 0.084259
8 0.764844 0.805556 0.051562 0.077778
9 0.831771 0.141667 0.046875 0.085185
9 0.836719 0.383796 0.046354 0.089815
9 0.839583 0.505556 0.040625 0.092593
9 0.840625 0.687037 0.035417 0.079630
9 0.838021 0.814352 0.040625 0.075000
