0 0.289409 0.241236 0.049261 0.075811
0 0.283128 0.373576 0.046059 0.082822
0 0.280788 0.498028 0.045320 0.078440
0 0.282143 0.622480 0.041133 0.073181
0 0.293473 0.803681 0.044089 0.078002
1 0.343842 0.238168 0.037931 0.079316
1 0.337438 0.379053 0.033498 0.070114
1 0.333744 0.497371 0.039409 0.067485
1 0.334360 0.633216 0.044581 0.070990
1 0.344704 0.801709 0.038670 0.072305
2 0.383374 0.241674 0.035714 0.076687
2 0.381404 0.373795 0.038670 0.073620
2 0.383005 0.493427 0.032512 0.063979
2 0.390025 0.634969 0.041133 0.084137
2 0.402709 0.780018 0.035961 0.073620
3 0.433867 0.227651 0.042611 0.072305
3 0.425616 0.359115 0.036453 0.072305
3 0.433374 0.478528 0.037192 0.071867
3 0.445320 0.618975 0.035961 0.078440
3 0.466010 0.768843 0.039901 0.086328
4 0.474877 0.229842 0.030049 0.072305
4 0.470690 0.352980 0.035961 0.062664
4 0.478818 0.471516 0.037931 0.074496
4 0.488177 0.604733 0.039409 0.085013
4 0.511207 0.758545 0.044089 0.078002
5 0.525862 0.224365 0.047783 0.070990
5 0.517734 0.347721 0.035961 0.068799
5 0.522783 0.461876 0.036700 0.067485
5 0.530788 0.608238 0.041872 0.087642
5 0.554803 0.753944 0.043103 0.073181
6 0.580788 0.225679 0.033990 0.063979
6 0.570074 0.344654 0.027340 0.058282
6 0.575000 0.463628 0.042611 0.070990
6 0.595443 0.604733 0.040640 0.078002
6 0.612931 0.758107 0.033251 0.074496
7 0.623645 0.209684 0.034483 0.065294
7 0.620936 0.337642 0.039901 0.081946
7 0.629680 0.453550 0.037192 0.077125
7 0.642611 0.594654 0.037931 0.074496
7 0.664655 0.756792 0.052463 0.091148
8 0.663916 0.218449 0.031281 0.075811
8 0.660345 0.336985 0.034483 0.070990
8 0.677586 0.445443 0.034483 0.069676
8 0.689286 0.589833 0.036700 0.074496
8 0.716995 0.746933 0.035961 0.075811
9 0.701970 0.214286 0.033990 0.074496
9 0.707882 0.333041 0.035468 0.084137
9 0.722537 0.445443 0.031281 0.081946
9 0.727833 0.590491 0.033990 0.078440
9 0.755788 0.742770 0.039163 0.084137
